0.607389 0.242850 
0.191745 0.917424 
0.738427 0.269062 
0.607389 -7.757150 
0.191745 -7.082576 
0.738427 0.269062 
0.607389 -7.757150 
4.191745 -3.082576 
0.738427 0.269062 
-5.392611 -5.757150 
4.191745 -3.082576 
0.738427 0.269062 
0.607389 -9.757150 
4.191745 -3.082576 
0.738427 0.269062 
0.607389 -9.757150 
4.191745 -3.082576 
-3.261573 -3.730938 
0.607389 -9.757150 
6.191745 0.917424 
-3.261573 -3.730938 
2.607389 -7.757150 
6.191745 0.917424 
-3.261573 -3.730938 
4.607389 -6.757150 
6.191745 0.917424 
-3.261573 -3.730938 
4.607389 -6.757150 
6.191745 -7.082576 
-3.261573 4.269062 
4.607389 -6.757150 
10.191745 -3.082576 
-3.261573 4.269062 
-1.392611 -8.757150 
10.191745 -3.082576 
2.738427 6.269062 
-7.392611 -6.757150 
10.191745 -3.082576 
2.738427 6.269062 
-1.392611 -12.757150 
10.191745 -3.082576 
8.738427 0.269062 
-1.392611 -12.757150 
10.191745 -3.082576 
4.738427 -3.730938 
0.607389 -10.757150 
10.191745 -3.082576 
2.738427 -5.730938 
2.607389 -9.757150 
10.191745 -3.082576 
0.738427 -6.730938 
2.607389 -9.757150 
10.191745 -3.082576 
0.738427 1.269062 
-3.392611 -7.757150 
10.191745 -3.082576 
6.738427 -0.730938 
-3.392611 -7.757150 
10.191745 -3.082576 
2.738427 -4.730938 
-1.392611 -5.757150 
10.191745 -3.082576 
2.738427 -4.730938 
0.607389 -4.757150 
10.191745 -3.082576 
0.738427 -5.730938 
0.607389 -4.757150 
10.191745 -3.082576 
0.738427 2.269062 
-5.392611 -2.757150 
10.191745 -3.082576 
6.738427 0.269062 
0.607389 -8.757150 
10.191745 -3.082576 
6.738427 0.269062 
0.607389 -8.757150 
10.191745 -3.082576 
2.738427 -3.730938 
2.607389 -6.757150 
10.191745 -3.082576 
0.738427 -5.730938 
2.607389 -6.757150 
10.191745 -3.082576 
0.738427 2.269062 
-3.392611 -8.757150 
10.191745 -3.082576 
0.738427 2.269062 
-3.392611 -8.757150 
10.191745 -3.082576 
6.738427 0.269062 
-3.392611 -8.757150 
10.191745 -3.082576 
2.738427 -3.730938 
-1.392611 -6.757150 
10.191745 -3.082576 
0.738427 -5.730938 
0.607389 -5.757150 
10.191745 -3.082576 
0.738427 -5.730938 
0.607389 -5.757150 
10.191745 -3.082576 
0.738427 2.269062 
-5.392611 -3.757150 
10.191745 -3.082576 
6.738427 0.269062 
0.607389 -9.757150 
10.191745 -3.082576 
6.738427 0.269062 
0.607389 -9.757150 
10.191745 -3.082576 
2.738427 -3.730938 
2.607389 -7.757150 
10.191745 -3.082576 
0.738427 -5.730938 
2.607389 -7.757150 
10.191745 -3.082576 
0.738427 2.269062 
-3.392611 -9.757150 
10.191745 -3.082576 
0.738427 2.269062 
-3.392611 -9.757150 
10.191745 -3.082576 
6.738427 0.269062 
-3.392611 -9.757150 
10.191745 -3.082576 
2.738427 -3.730938 
-1.392611 -7.757150 
10.191745 -3.082576 
0.738427 -5.730938 
0.607389 -6.757150 
10.191745 -3.082576 
0.738427 -5.730938 
0.607389 -6.757150 
10.191745 -3.082576 
0.738427 2.269062 
-5.392611 -4.757150 
10.191745 -3.082576 
6.738427 0.269062 
0.607389 -10.757150 
10.191745 -3.082576 
6.738427 0.269062 
0.607389 -10.757150 
10.191745 -3.082576 
2.738427 -3.730938 
2.607389 -8.757150 
10.191745 -3.082576 
0.738427 -5.730938 
2.607389 -8.757150 
10.191745 -3.082576 
0.738427 2.269062 
-3.392611 -10.757150 
10.191745 -3.082576 
0.738427 2.269062 
-3.392611 -10.757150 
10.191745 -3.082576 
6.738427 0.269062 
-3.392611 -10.757150 
10.191745 -3.082576 
2.738427 -3.730938 
-1.392611 -8.757150 
10.191745 -3.082576 
0.738427 -5.730938 
0.607389 -7.757150 
10.191745 -3.082576 
0.738427 -5.730938 
0.607389 -7.757150 
10.191745 -3.082576 
0.738427 2.269062 
-5.392611 -5.757150 
10.191745 -3.082576 
6.738427 0.269062 
0.607389 -11.757150 
10.191745 -3.082576 
6.738427 0.269062 
0.607389 -11.757150 
10.191745 -3.082576 
2.738427 -3.730938 
2.607389 -9.757150 
10.191745 -3.082576 
0.738427 -5.730938 
2.607389 -9.757150 
10.191745 -3.082576 
0.738427 2.269062 
-3.392611 -11.757150 
10.191745 -3.082576 
0.738427 2.269062 
-3.392611 -11.757150 
10.191745 -3.082576 
6.738427 0.269062 
-3.392611 -11.757150 
10.191745 -3.082576 
2.738427 -3.730938 
-1.392611 -9.757150 
10.191745 -3.082576 
0.738427 -5.730938 
-1.392611 -9.757150 
10.191745 -3.082576 
0.738427 2.269062 
-1.392611 -9.757150 
10.191745 -3.082576 
6.738427 0.269062 
-1.392611 -9.757150 
10.191745 -3.082576 
2.738427 -3.730938 
0.607389 -7.757150 
10.191745 -3.082576 
0.738427 -5.730938 
0.607389 -7.757150 
10.191745 -3.082576 
0.738427 2.269062 
-5.392611 -9.757150 
10.191745 -3.082576 
0.738427 2.269062 
-5.392611 -9.757150 
10.191745 -3.082576 
6.738427 0.269062 
0.607389 -13.757150 
10.191745 -3.082576 
6.738427 0.269062 
0.607389 -13.757150 
10.191745 -3.082576 
2.738427 -3.730938 
2.607389 -11.757150 
10.191745 -3.082576 
0.738427 -5.730938 
2.607389 -11.757150 
10.191745 -3.082576 
0.738427 2.269062 
-3.392611 -13.757150 
10.191745 -3.082576 
0.738427 2.269062 
-3.392611 -13.757150 
10.191745 -3.082576 
6.738427 0.269062 
-3.392611 -13.757150 
10.191745 -3.082576 
2.738427 -3.730938 
-1.392611 -11.757150 
10.191745 -3.082576 
0.738427 -5.730938 
0.607389 -10.757150 
10.191745 -3.082576 
0.738427 -5.730938 
0.607389 -10.757150 
10.191745 -3.082576 
0.738427 2.269062 
-5.392611 -8.757150 
10.191745 -3.082576 
6.738427 0.269062 
0.607389 -12.757150 
10.191745 -3.082576 
6.738427 0.269062 
0.607389 -12.757150 
10.191745 -3.082576 
2.738427 -3.730938 
2.607389 -10.757150 
10.191745 -3.082576 
0.738427 -5.730938 
2.607389 -10.757150 
10.191745 -3.082576 
0.738427 2.269062 
-3.392611 -12.757150 
10.191745 -3.082576 
0.738427 2.269062 
-3.392611 -12.757150 
10.191745 -3.082576 
6.738427 0.269062 
-3.392611 -12.757150 
10.191745 -3.082576 
2.738427 -3.730938 
-1.392611 -10.757150 
10.191745 -3.082576 
0.738427 -5.730938 
-1.392611 -10.757150 
10.191745 -3.082576 
0.738427 2.269062 
-1.392611 -10.757150 
10.191745 -3.082576 
6.738427 0.269062 
-1.392611 -10.757150 
10.191745 -3.082576 
2.738427 -3.730938 
0.607389 -8.757150 
10.191745 -3.082576 
0.738427 -5.730938 
0.607389 -8.757150 
10.191745 -3.082576 
0.738427 2.269062 
-5.392611 -10.757150 
10.191745 -3.082576 
0.738427 2.269062 
-5.392611 -10.757150 
10.191745 -3.082576 
6.738427 0.269062 
0.607389 -14.757150 
10.191745 -3.082576 
6.738427 0.269062 
0.607389 -14.757150 
10.191745 -3.082576 
2.738427 -3.730938 
2.607389 -12.757150 
10.191745 -3.082576 
0.738427 -5.730938 
2.607389 -12.757150 
10.191745 -3.082576 
0.738427 2.269062 
-3.392611 -14.757150 
10.191745 -3.082576 
0.738427 2.269062 
-3.392611 -14.757150 
10.191745 -3.082576 
6.738427 0.269062 
-3.392611 -14.757150 
10.191745 -3.082576 
2.738427 -3.730938 
-1.392611 -12.757150 
10.191745 -3.082576 
0.738427 -5.730938 
0.607389 -11.757150 
10.191745 -3.082576 
0.738427 -5.730938 
0.607389 -11.757150 
10.191745 -3.082576 
0.738427 2.269062 
-5.392611 -9.757150 
10.191745 -3.082576 
6.738427 0.269062 
0.607389 -13.757150 
10.191745 -3.082576 
6.738427 0.269062 
0.607389 -13.757150 
10.191745 -3.082576 
2.738427 -3.730938 
2.607389 -11.757150 
10.191745 -3.082576 
0.738427 -5.730938 
2.607389 -11.757150 
10.191745 -3.082576 
0.738427 2.269062 
-3.392611 -13.757150 
10.191745 -3.082576 
0.738427 2.269062 
-3.392611 -13.757150 
10.191745 -3.082576 
6.738427 0.269062 
-3.392611 -13.757150 
10.191745 -3.082576 
2.738427 -3.730938 
-1.392611 -11.757150 
10.191745 -3.082576 
0.738427 -5.730938 
-1.392611 -11.757150 
10.191745 -3.082576 
0.738427 2.269062 
-1.392611 -11.757150 
10.191745 -3.082576 
6.738427 0.269062 
-1.392611 -11.757150 
10.191745 -3.082576 
2.738427 -3.730938 
0.607389 -9.757150 
10.191745 -3.082576 
0.738427 -5.730938 
0.607389 -9.757150 
10.191745 -3.082576 
0.738427 2.269062 
-5.392611 -11.757150 
10.191745 -3.082576 
0.738427 2.269062 
-5.392611 -11.757150 
10.191745 -3.082576 
6.738427 0.269062 
0.607389 -15.757150 
10.191745 -3.082576 
6.738427 0.269062 
0.607389 -15.757150 
10.191745 -3.082576 
2.738427 -3.730938 
2.607389 -13.757150 
10.191745 -3.082576 
0.738427 -5.730938 
2.607389 -13.757150 
10.191745 -3.082576 
0.738427 2.269062 
-3.392611 -15.757150 
10.191745 -3.082576 
0.738427 2.269062 
-3.392611 -15.757150 
10.191745 -3.082576 
6.738427 0.269062 
-3.392611 -15.757150 
10.191745 -3.082576 
2.738427 -3.730938 
-1.392611 -13.757150 
10.191745 -3.082576 
0.738427 -5.730938 
-1.392611 -13.757150 
10.191745 -3.082576 
0.738427 2.269062 
-7.392611 -11.757150 
10.191745 -3.082576 
6.738427 0.269062 
-1.392611 -15.757150 
10.191745 -3.082576 
6.738427 0.269062 
-1.392611 -15.757150 
10.191745 -3.082576 
2.738427 -3.730938 
0.607389 -13.757150 
10.191745 -3.082576 
0.738427 -5.730938 
0.607389 -13.757150 
10.191745 -3.082576 
0.738427 2.269062 
-5.392611 -11.757150 
10.191745 -3.082576 
6.738427 0.269062 
0.607389 -15.757150 
10.191745 -3.082576 
6.738427 0.269062 
0.607389 -15.757150 
10.191745 -3.082576 
2.738427 -3.730938 
2.607389 -13.757150 
10.191745 -3.082576 
0.738427 -5.730938 
2.607389 -13.757150 
10.191745 -3.082576 
0.738427 2.269062 
-3.392611 -15.757150 
10.191745 -3.082576 
0.738427 2.269062 
-3.392611 -15.757150 
10.191745 -3.082576 
6.738427 0.269062 
-3.392611 -15.757150 
10.191745 -3.082576 
2.738427 -3.730938 
-1.392611 -13.757150 
10.191745 -3.082576 
0.738427 -5.730938 
-1.392611 -13.757150 
10.191745 -3.082576 
0.738427 2.269062 
-7.392611 -11.757150 
10.191745 -3.082576 
6.738427 0.269062 
-1.392611 -15.757150 
10.191745 -3.082576 
6.738427 0.269062 
-1.392611 -15.757150 
10.191745 -3.082576 
2.738427 -3.730938 
0.607389 -13.757150 
10.191745 -3.082576 
0.738427 -5.730938 
0.607389 -13.757150 
10.191745 -3.082576 
0.738427 2.269062 
-5.392611 -11.757150 
10.191745 -3.082576 
6.738427 0.269062 
0.607389 -15.757150 
10.191745 -3.082576 
6.738427 0.269062 
0.607389 -15.757150 
10.191745 -3.082576 
2.738427 -3.730938 
2.607389 -13.757150 
10.191745 -3.082576 
0.738427 -5.730938 
2.607389 -13.757150 
10.191745 -3.082576 
0.738427 2.269062 
-3.392611 -15.757150 
10.191745 -3.082576 
0.738427 2.269062 
-3.392611 -15.757150 
10.191745 -3.082576 
6.738427 0.269062 
-3.392611 -15.757150 
10.191745 -3.082576 
2.738427 -3.730938 
-1.392611 -13.757150 
10.191745 -3.082576 
0.738427 -5.730938 
-1.392611 -13.757150 
10.191745 -3.082576 
0.738427 2.269062 
-1.392611 -13.757150 
10.191745 -3.082576 
6.738427 0.269062 
-1.392611 -13.757150 
10.191745 -3.082576 
2.738427 -3.730938 
0.607389 -11.757150 
10.191745 -3.082576 
0.738427 -5.730938 
0.607389 -11.757150 
10.191745 -3.082576 
0.738427 2.269062 
-5.392611 -13.757150 
10.191745 -3.082576 
0.738427 2.269062 
-5.392611 -13.757150 
10.191745 -3.082576 
6.738427 0.269062 
-5.392611 -13.757150 
10.191745 -3.082576 
2.738427 -3.730938 
-3.392611 -11.757150 
10.191745 -3.082576 
0.738427 -5.730938 
-3.392611 -11.757150 
10.191745 -3.082576 
0.738427 2.269062 
-3.392611 -11.757150 
10.191745 -3.082576 
6.738427 0.269062 
-3.392611 -11.757150 
10.191745 -3.082576 
2.738427 -3.730938 
-1.392611 -9.757150 
10.191745 -3.082576 
0.738427 -5.730938 
-1.392611 -9.757150 
10.191745 -3.082576 
0.738427 2.269062 
-1.392611 -9.757150 
10.191745 -3.082576 
6.738427 0.269062 
-1.392611 -9.757150 
10.191745 -3.082576 
2.738427 -3.730938 
-1.392611 -9.757150 
10.191745 -3.082576 
0.738427 -5.730938 
-1.392611 -9.757150 
10.191745 -3.082576 
0.738427 2.269062 
-1.392611 -9.757150 
10.191745 -3.082576 
6.738427 0.269062 
-1.392611 -9.757150 
10.191745 -3.082576 
2.738427 -3.730938 
-1.392611 -9.757150 
10.191745 -3.082576 
0.738427 -5.730938 
-1.392611 -9.757150 
10.191745 -3.082576 
0.738427 2.269062 
-1.392611 -9.757150 
10.191745 -3.082576 
6.738427 0.269062 
-1.392611 -9.757150 
10.191745 -3.082576 
2.738427 -3.730938 
-1.392611 -9.757150 
10.191745 -3.082576 
0.738427 -5.730938 
-1.392611 -9.757150 
10.191745 -3.082576 
0.738427 2.269062 
-1.392611 -9.757150 
10.191745 -3.082576 
6.738427 0.269062 
-1.392611 -9.757150 
10.191745 -3.082576 
2.738427 -3.730938 
-1.392611 -9.757150 
10.191745 -3.082576 
0.738427 -5.730938 
-1.392611 -9.757150 
10.191745 -3.082576 
0.738427 2.269062 
-1.392611 -9.757150 
10.191745 -3.082576 
6.738427 0.269062 
-1.392611 -9.757150 
10.191745 -3.082576 
2.738427 -3.730938 
-1.392611 -9.757150 
10.191745 -3.082576 
0.738427 -5.730938 
-1.392611 -9.757150 
10.191745 -3.082576 
0.738427 2.269062 
-1.392611 -9.757150 
10.191745 -3.082576 
6.738427 0.269062 
-1.392611 -9.757150 
10.191745 -3.082576 
2.738427 -3.730938 
-1.392611 -9.757150 
10.191745 -3.082576 
0.738427 -5.730938 
-1.392611 -9.757150 
10.191745 -3.082576 
0.738427 2.269062 
-1.392611 -9.757150 
10.191745 -3.082576 
6.738427 0.269062 
-1.392611 -9.757150 
10.191745 -3.082576 
2.738427 -3.730938 
-1.392611 -9.757150 
10.191745 -3.082576 
0.738427 -5.730938 
-1.392611 -9.757150 
10.191745 -3.082576 
0.738427 2.269062 
-1.392611 -9.757150 
10.191745 -3.082576 
6.738427 0.269062 
-1.392611 -9.757150 
10.191745 -3.082576 
2.738427 -3.730938 
-1.392611 -9.757150 
10.191745 -3.082576 
0.738427 -5.730938 
-1.392611 -9.757150 
10.191745 -3.082576 
0.738427 2.269062 
-1.392611 -9.757150 
10.191745 -3.082576 
6.738427 0.269062 
-1.392611 -9.757150 
10.191745 -3.082576 
2.738427 -3.730938 
-1.392611 -9.757150 
10.191745 -3.082576 
0.738427 -5.730938 
-1.392611 -9.757150 
10.191745 -3.082576 
0.738427 2.269062 
-1.392611 -9.757150 
10.191745 -3.082576 
6.738427 0.269062 
-1.392611 -9.757150 
10.191745 -3.082576 
2.738427 -3.730938 
-1.392611 -9.757150 
10.191745 -3.082576 
0.738427 -5.730938 
-1.392611 -9.757150 
10.191745 -3.082576 
0.738427 2.269062 
-1.392611 -9.757150 
10.191745 -3.082576 
6.738427 0.269062 
-1.392611 -9.757150 
10.191745 -3.082576 
2.738427 -3.730938 
-1.392611 -9.757150 
10.191745 -3.082576 
0.738427 -5.730938 
-1.392611 -9.757150 
10.191745 -3.082576 
0.738427 2.269062 
-1.392611 -9.757150 
10.191745 -3.082576 
6.738427 0.269062 
-1.392611 -9.757150 
10.191745 -3.082576 
2.738427 -3.730938 
-1.392611 -9.757150 
10.191745 -3.082576 
0.738427 -5.730938 
-1.392611 -9.757150 
10.191745 -3.082576 
0.738427 2.269062 
-1.392611 -9.757150 
10.191745 -3.082576 
6.738427 0.269062 
-1.392611 -9.757150 
10.191745 -3.082576 
2.738427 -3.730938 
-1.392611 -9.757150 
10.191745 -3.082576 
0.738427 -5.730938 
-1.392611 -9.757150 
10.191745 -3.082576 
0.738427 2.269062 
-1.392611 -9.757150 
10.191745 -3.082576 
6.738427 0.269062 
-1.392611 -9.757150 
10.191745 -3.082576 
2.738427 -3.730938 
-1.392611 -9.757150 
10.191745 -3.082576 
0.738427 -5.730938 
-1.392611 -9.757150 
10.191745 -3.082576 
0.738427 2.269062 
-1.392611 -9.757150 
10.191745 -3.082576 
6.738427 0.269062 
-1.392611 -9.757150 
10.191745 -3.082576 
2.738427 -3.730938 
-1.392611 -9.757150 
10.191745 -3.082576 
0.738427 -5.730938 
-1.392611 -9.757150 
10.191745 -3.082576 
0.738427 2.269062 
-1.392611 -9.757150 
10.191745 -3.082576 
6.738427 0.269062 
-1.392611 -9.757150 
10.191745 -3.082576 
2.738427 -3.730938 
-1.392611 -9.757150 
10.191745 -3.082576 
0.738427 -5.730938 
-1.392611 -9.757150 
10.191745 -3.082576 
0.738427 2.269062 
-1.392611 -9.757150 
10.191745 -3.082576 
6.738427 0.269062 
-1.392611 -9.757150 
10.191745 -3.082576 
2.738427 -3.730938 
-1.392611 -9.757150 
10.191745 -3.082576 
0.738427 -5.730938 
-1.392611 -9.757150 
10.191745 -3.082576 
0.738427 2.269062 
-1.392611 -9.757150 
10.191745 -3.082576 
6.738427 0.269062 
-1.392611 -9.757150 
10.191745 -3.082576 
2.738427 -3.730938 
-1.392611 -9.757150 
10.191745 -3.082576 
0.738427 -5.730938 
-1.392611 -9.757150 
10.191745 -3.082576 
0.738427 2.269062 
-1.392611 -9.757150 
10.191745 -3.082576 
6.738427 0.269062 
-1.392611 -9.757150 
10.191745 -3.082576 
2.738427 -3.730938 
-1.392611 -9.757150 
10.191745 -3.082576 
0.738427 -5.730938 
-1.392611 -9.757150 
10.191745 -3.082576 
0.738427 2.269062 
-1.392611 -9.757150 
10.191745 -3.082576 
6.738427 0.269062 
-1.392611 -9.757150 
10.191745 -3.082576 
2.738427 -3.730938 
-1.392611 -9.757150 
10.191745 -3.082576 
0.738427 -5.730938 
-1.392611 -9.757150 
10.191745 -3.082576 
0.738427 2.269062 
-1.392611 -9.757150 
10.191745 -3.082576 
6.738427 0.269062 
-1.392611 -9.757150 
10.191745 -3.082576 
2.738427 -3.730938 
-1.392611 -9.757150 
10.191745 -3.082576 
0.738427 -5.730938 
-1.392611 -9.757150 
10.191745 -3.082576 
0.738427 2.269062 
-1.392611 -9.757150 
10.191745 -3.082576 
6.738427 0.269062 
-1.392611 -9.757150 
10.191745 -3.082576 
2.738427 -3.730938 
-1.392611 -9.757150 
10.191745 -3.082576 
0.738427 -5.730938 
-1.392611 -9.757150 
10.191745 -3.082576 
0.738427 2.269062 
-1.392611 -9.757150 
10.191745 -3.082576 
6.738427 0.269062 
-1.392611 -9.757150 
10.191745 -3.082576 
2.738427 -3.730938 
-1.392611 -9.757150 
10.191745 -3.082576 
0.738427 -5.730938 
-1.392611 -9.757150 
10.191745 -3.082576 
0.738427 2.269062 
-1.392611 -9.757150 
10.191745 -3.082576 
6.738427 0.269062 
-1.392611 -9.757150 
10.191745 -3.082576 
2.738427 -3.730938 
-1.392611 -9.757150 
10.191745 -3.082576 
0.738427 -5.730938 
-1.392611 -9.757150 
10.191745 -3.082576 
0.738427 2.269062 
-1.392611 -9.757150 
10.191745 -3.082576 
6.738427 0.269062 
-1.392611 -9.757150 
10.191745 -3.082576 
2.738427 -3.730938 
-1.392611 -9.757150 
10.191745 -3.082576 
0.738427 -5.730938 
-1.392611 -9.757150 
10.191745 -3.082576 
0.738427 2.269062 
-1.392611 -9.757150 
10.191745 -3.082576 
6.738427 0.269062 
-1.392611 -9.757150 
10.191745 -3.082576 
2.738427 -3.730938 
-1.392611 -9.757150 
10.191745 -3.082576 
0.738427 -5.730938 
-1.392611 -9.757150 
10.191745 -3.082576 
0.738427 2.269062 
-1.392611 -9.757150 
10.191745 -3.082576 
6.738427 0.269062 
-1.392611 -9.757150 
10.191745 -3.082576 
2.738427 -3.730938 
-1.392611 -9.757150 
10.191745 -3.082576 
0.738427 -5.730938 
-1.392611 -9.757150 
10.191745 -3.082576 
0.738427 2.269062 
-1.392611 -9.757150 
10.191745 -3.082576 
6.738427 0.269062 
-1.392611 -9.757150 
10.191745 -3.082576 
2.738427 -3.730938 
-1.392611 -9.757150 
10.191745 -3.082576 
0.738427 -5.730938 
-1.392611 -9.757150 
10.191745 -3.082576 
0.738427 2.269062 
-1.392611 -9.757150 
10.191745 -3.082576 
6.738427 0.269062 
-1.392611 -9.757150 
10.191745 -3.082576 
2.738427 -3.730938 
-1.392611 -9.757150 
10.191745 -3.082576 
0.738427 -5.730938 
-1.392611 -9.757150 
10.191745 -3.082576 
0.738427 2.269062 
-1.392611 -9.757150 
10.191745 -3.082576 
6.738427 0.269062 
-1.392611 -9.757150 
10.191745 -3.082576 
2.738427 -3.730938 
-1.392611 -9.757150 
10.191745 -3.082576 
0.738427 -5.730938 
-1.392611 -9.757150 
10.191745 -3.082576 
0.738427 2.269062 
-1.392611 -9.757150 
10.191745 -3.082576 
6.738427 0.269062 
-1.392611 -9.757150 
10.191745 -3.082576 
2.738427 -3.730938 
-1.392611 -9.757150 
10.191745 -3.082576 
0.738427 -5.730938 
-1.392611 -9.757150 
10.191745 -3.082576 
0.738427 2.269062 
-1.392611 -9.757150 
10.191745 -3.082576 
6.738427 0.269062 
-1.392611 -9.757150 
10.191745 -3.082576 
2.738427 -3.730938 
-1.392611 -9.757150 
10.191745 -3.082576 
0.738427 -5.730938 
-1.392611 -9.757150 
10.191745 -3.082576 
0.738427 2.269062 
-1.392611 -9.757150 
10.191745 -3.082576 
6.738427 0.269062 
-1.392611 -9.757150 
10.191745 -3.082576 
2.738427 -3.730938 
-1.392611 -9.757150 
10.191745 -3.082576 
0.738427 -5.730938 
-1.392611 -9.757150 
10.191745 -3.082576 
0.738427 2.269062 
-1.392611 -9.757150 
10.191745 -3.082576 
6.738427 0.269062 
-1.392611 -9.757150 
10.191745 -3.082576 
2.738427 -3.730938 
-1.392611 -9.757150 
10.191745 -3.082576 
0.738427 -5.730938 
-1.392611 -9.757150 
10.191745 -3.082576 
0.738427 2.269062 
-1.392611 -9.757150 
10.191745 -3.082576 
6.738427 0.269062 
-1.392611 -9.757150 
10.191745 -3.082576 
2.738427 -3.730938 
-1.392611 -9.757150 
10.191745 -3.082576 
0.738427 -5.730938 
-1.392611 -9.757150 
10.191745 -3.082576 
0.738427 2.269062 
-1.392611 -9.757150 
10.191745 -3.082576 
6.738427 0.269062 
-1.392611 -9.757150 
10.191745 -3.082576 
2.738427 -3.730938 
-1.392611 -9.757150 
10.191745 -3.082576 
0.738427 -5.730938 
-1.392611 -9.757150 
10.191745 -3.082576 
0.738427 2.269062 
-1.392611 -9.757150 
10.191745 -3.082576 
6.738427 0.269062 
-1.392611 -9.757150 
10.191745 -3.082576 
2.738427 -3.730938 
-1.392611 -9.757150 
10.191745 -3.082576 
0.738427 -5.730938 
-1.392611 -9.757150 
10.191745 -3.082576 
0.738427 2.269062 
-1.392611 -9.757150 
10.191745 -3.082576 
6.738427 0.269062 
-1.392611 -9.757150 
10.191745 -3.082576 
2.738427 -3.730938 
-1.392611 -9.757150 
10.191745 -3.082576 
0.738427 -5.730938 
-1.392611 -9.757150 
10.191745 -3.082576 
0.738427 2.269062 
-1.392611 -9.757150 
10.191745 -3.082576 
6.738427 0.269062 
-1.392611 -9.757150 
10.191745 -3.082576 
2.738427 -3.730938 
-1.392611 -9.757150 
10.191745 -3.082576 
0.738427 -5.730938 
-1.392611 -9.757150 
10.191745 -3.082576 
0.738427 2.269062 
-1.392611 -9.757150 
10.191745 -3.082576 
6.738427 0.269062 
-1.392611 -9.757150 
10.191745 -3.082576 
2.738427 -3.730938 
-1.392611 -9.757150 
10.191745 -3.082576 
0.738427 -5.730938 
-1.392611 -9.757150 
10.191745 -3.082576 
0.738427 2.269062 
-1.392611 -9.757150 
10.191745 -3.082576 
6.738427 0.269062 
-1.392611 -9.757150 
10.191745 -3.082576 
2.738427 -3.730938 
-1.392611 -9.757150 
10.191745 -3.082576 
0.738427 -5.730938 
-1.392611 -9.757150 
10.191745 -3.082576 
0.738427 2.269062 
-1.392611 -9.757150 
10.191745 -3.082576 
6.738427 0.269062 
-1.392611 -9.757150 
10.191745 -3.082576 
2.738427 -3.730938 
-1.392611 -9.757150 
10.191745 -3.082576 
0.738427 -5.730938 
-1.392611 -9.757150 
10.191745 -3.082576 
0.738427 2.269062 
-1.392611 -9.757150 
10.191745 -3.082576 
6.738427 0.269062 
-1.392611 -9.757150 
10.191745 -3.082576 
2.738427 -3.730938 
-1.392611 -9.757150 
10.191745 -3.082576 
0.738427 -5.730938 
-1.392611 -9.757150 
10.191745 -3.082576 
0.738427 2.269062 
-1.392611 -9.757150 
10.191745 -3.082576 
6.738427 0.269062 
-1.392611 -9.757150 
10.191745 -3.082576 
2.738427 -3.730938 
-1.392611 -9.757150 
10.191745 -3.082576 
0.738427 -5.730938 
-1.392611 -9.757150 
10.191745 -3.082576 
0.738427 2.269062 
-1.392611 -9.757150 
10.191745 -3.082576 
6.738427 0.269062 
-1.392611 -9.757150 
10.191745 -3.082576 
2.738427 -3.730938 
-1.392611 -9.757150 
10.191745 -3.082576 
0.738427 -5.730938 
-1.392611 -9.757150 
10.191745 -3.082576 
0.738427 2.269062 
-1.392611 -9.757150 
10.191745 -3.082576 
6.738427 0.269062 
-1.392611 -9.757150 
10.191745 -3.082576 
2.738427 -3.730938 
-1.392611 -9.757150 
10.191745 -3.082576 
0.738427 -5.730938 
-1.392611 -9.757150 
10.191745 -3.082576 
0.738427 2.269062 
-1.392611 -9.757150 
10.191745 -3.082576 
6.738427 0.269062 
-1.392611 -9.757150 
10.191745 -3.082576 
2.738427 -3.730938 
-1.392611 -9.757150 
10.191745 -3.082576 
0.738427 -5.730938 
-1.392611 -9.757150 
10.191745 -3.082576 
0.738427 2.269062 
-1.392611 -9.757150 
10.191745 -3.082576 
6.738427 0.269062 
-1.392611 -9.757150 
10.191745 -3.082576 
2.738427 -3.730938 
-1.392611 -9.757150 
10.191745 -3.082576 
0.738427 -5.730938 
-1.392611 -9.757150 
10.191745 -3.082576 
0.738427 2.269062 
-1.392611 -9.757150 
10.191745 -3.082576 
6.738427 0.269062 
-1.392611 -9.757150 
10.191745 -3.082576 
2.738427 -3.730938 
-1.392611 -9.757150 
10.191745 -3.082576 
0.738427 -5.730938 
-1.392611 -9.757150 
10.191745 -3.082576 
0.738427 2.269062 
-1.392611 -9.757150 
10.191745 -3.082576 
6.738427 0.269062 
-1.392611 -9.757150 
10.191745 -3.082576 
2.738427 -3.730938 
-1.392611 -9.757150 
10.191745 -3.082576 
0.738427 -5.730938 
-1.392611 -9.757150 
10.191745 -3.082576 
0.738427 2.269062 
-1.392611 -9.757150 
10.191745 -3.082576 
6.738427 0.269062 
-1.392611 -9.757150 
10.191745 -3.082576 
2.738427 -3.730938 
-1.392611 -9.757150 
10.191745 -3.082576 
0.738427 -5.730938 
-1.392611 -9.757150 
10.191745 -3.082576 
0.738427 2.269062 
-1.392611 -9.757150 
10.191745 -3.082576 
6.738427 0.269062 
-1.392611 -9.757150 
10.191745 -3.082576 
2.738427 -3.730938 
-1.392611 -9.757150 
10.191745 -3.082576 
0.738427 -5.730938 
-1.392611 -9.757150 
10.191745 -3.082576 
0.738427 2.269062 
-1.392611 -9.757150 
10.191745 -3.082576 
6.738427 0.269062 
-1.392611 -9.757150 
10.191745 -3.082576 
2.738427 -3.730938 
-1.392611 -9.757150 
10.191745 -3.082576 
0.738427 -5.730938 
-1.392611 -9.757150 
10.191745 -3.082576 
0.738427 2.269062 
-1.392611 -9.757150 
10.191745 -3.082576 
6.738427 0.269062 
-1.392611 -9.757150 
10.191745 -3.082576 
2.738427 -3.730938 
-1.392611 -9.757150 
10.191745 -3.082576 
0.738427 -5.730938 
-1.392611 -9.757150 
10.191745 -3.082576 
0.738427 2.269062 
-1.392611 -9.757150 
10.191745 -3.082576 
6.738427 0.269062 
-1.392611 -9.757150 
10.191745 -3.082576 
2.738427 -3.730938 
-1.392611 -9.757150 
10.191745 -3.082576 
0.738427 -5.730938 
-1.392611 -9.757150 
10.191745 -3.082576 
0.738427 2.269062 
-1.392611 -9.757150 
10.191745 -3.082576 
6.738427 0.269062 
-1.392611 -9.757150 
10.191745 -3.082576 
2.738427 -3.730938 
-1.392611 -9.757150 
10.191745 -3.082576 
0.738427 -5.730938 
-1.392611 -9.757150 
10.191745 -3.082576 
0.738427 2.269062 
-1.392611 -9.757150 
10.191745 -3.082576 
6.738427 0.269062 
-1.392611 -9.757150 
10.191745 -3.082576 
2.738427 -3.730938 
-1.392611 -9.757150 
10.191745 -3.082576 
0.738427 -5.730938 
-1.392611 -9.757150 
10.191745 -3.082576 
0.738427 2.269062 
-1.392611 -9.757150 
10.191745 -3.082576 
6.738427 0.269062 
-1.392611 -9.757150 
10.191745 -3.082576 
2.738427 -3.730938 
-1.392611 -9.757150 
10.191745 -3.082576 
0.738427 -5.730938 
-1.392611 -9.757150 
10.191745 -3.082576 
0.738427 2.269062 
-1.392611 -9.757150 
10.191745 -3.082576 
6.738427 0.269062 
-1.392611 -9.757150 
10.191745 -3.082576 
2.738427 -3.730938 
-1.392611 -9.757150 
10.191745 -3.082576 
0.738427 -5.730938 
-1.392611 -9.757150 
10.191745 -3.082576 
0.738427 2.269062 
-1.392611 -9.757150 
10.191745 -3.082576 
6.738427 0.269062 
-1.392611 -9.757150 
10.191745 -3.082576 
2.738427 -3.730938 
-1.392611 -9.757150 
10.191745 -3.082576 
0.738427 -5.730938 
-1.392611 -9.757150 
10.191745 -3.082576 
0.738427 2.269062 
-1.392611 -9.757150 
10.191745 -3.082576 
6.738427 0.269062 
-1.392611 -9.757150 
10.191745 -3.082576 
2.738427 -3.730938 
-1.392611 -9.757150 
10.191745 -3.082576 
0.738427 -5.730938 
-1.392611 -9.757150 
10.191745 -3.082576 
0.738427 2.269062 
-1.392611 -9.757150 
10.191745 -3.082576 
6.738427 0.269062 
-1.392611 -9.757150 
10.191745 -3.082576 
2.738427 -3.730938 
-1.392611 -9.757150 
10.191745 -3.082576 
0.738427 -5.730938 
-1.392611 -9.757150 
10.191745 -3.082576 
0.738427 2.269062 
-1.392611 -9.757150 
10.191745 -3.082576 
6.738427 0.269062 
-1.392611 -9.757150 
10.191745 -3.082576 
2.738427 -3.730938 
-1.392611 -9.757150 
10.191745 -3.082576 
0.738427 -5.730938 
-1.392611 -9.757150 
10.191745 -3.082576 
0.738427 2.269062 
-1.392611 -9.757150 
10.191745 -3.082576 
6.738427 0.269062 
-1.392611 -9.757150 
10.191745 -3.082576 
2.738427 -3.730938 
-1.392611 -9.757150 
10.191745 -3.082576 
0.738427 -5.730938 
-1.392611 -9.757150 
10.191745 -3.082576 
0.738427 2.269062 
-1.392611 -9.757150 
10.191745 -3.082576 
6.738427 0.269062 
-1.392611 -9.757150 
10.191745 -3.082576 
2.738427 -3.730938 
-1.392611 -9.757150 
10.191745 -3.082576 
0.738427 -5.730938 
-1.392611 -9.757150 
10.191745 -3.082576 
0.738427 2.269062 
-1.392611 -9.757150 
10.191745 -3.082576 
6.738427 0.269062 
-1.392611 -9.757150 
10.191745 -3.082576 
2.738427 -3.730938 
-1.392611 -9.757150 
10.191745 -3.082576 
0.738427 -5.730938 
-1.392611 -9.757150 
10.191745 -3.082576 
0.738427 2.269062 
-1.392611 -9.757150 
10.191745 -3.082576 
6.738427 0.269062 
-1.392611 -9.757150 
10.191745 -3.082576 
2.738427 -3.730938 
-1.392611 -9.757150 
10.191745 -3.082576 
0.738427 -5.730938 
-1.392611 -9.757150 
10.191745 -3.082576 
0.738427 2.269062 
-1.392611 -9.757150 
10.191745 -3.082576 
6.738427 0.269062 
-1.392611 -9.757150 
10.191745 -3.082576 
2.738427 -3.730938 
-1.392611 -9.757150 
10.191745 -3.082576 
0.738427 -5.730938 
